08.48 16.39
08.48 16.40
08.48 16.41
08.48 16.42
08.47 16.43
08.47 16.44
08.47 16.46
08.46 16.47
08.46 16.48
08.45 16.50
08.44 16.52
08.44 16.53
08.43 16.55
08.42 16.56
08.41 16.58
08.40 17.00
08.39 17.01
08.38 17.03
08.37 17.04
08.36 17.06
08.36 17.07
08.35 17.09
08.33 17.10
08.32 17.12
08.31 17.14
08.30 17.16
08.28 17.18
08.27 17.19
08.25 17.21
08.24 17.23
08.22 17.25
08.21 17.27
08.19 17.29
08.18 17.30
08.16 17.32
08.14 17.34
08.13 17.36
08.11 17.38
08.09 17.40
08.07 17.42
08.06 17.43
08.03 17.46
08.01 17.48
07.59 17.50
07.57 17.52
07.55 17.54
07.53 17.56
07.51 17.57
07.49 17.59
07.47 18.01
07.45 18.03
07.44 18.04
07.42 18.06
07.40 18.08
07.38 18.09
07.36 18.11
07.34 18.13
07.32 18.15
07.29 18.17
07.27 18.18
07.25 18.20
07.23 18.22
07.21 18.24
07.18 18.26
07.16 18.27
07.14 18.29
07.12 18.31
07.09 18.33
07.07 18.35
07.05 18.36
07.04 18.37
07.02 18.39
06.59 18.41
06.57 18.42
06.55 18.44
06.52 18.46
06.50 18.48
06.48 18.49
06.46 18.51
06.43 18.53
06.40 18.55
06.37 18.57
06.35 18.59
06.33 19.01
07.30 20.02
07.28 20.04
07.26 20.06
07.23 20.07
07.21 20.09
07.19 20.11
07.17 20.13
07.14 20.14
07.12 20.16
07.10 20.18
07.07 20.19
07.05 20.21
07.03 20.23
07.01 20.25
06.58 20.26
06.56 20.28
06.54 20.30
06.53 20.31
06.50 20.32
06.48 20.34
06.46 20.36
06.44 20.37
06.42 20.39
06.40 20.41
06.37 20.43
06.35 20.44
06.33 20.46
06.30 20.49
06.28 20.50
06.26 20.52
06.24 20.54
06.22 20.55
06.20 20.57
06.18 20.59
06.16 21,00
06.14 21.02
06.12 21.04
06.10 21.05
06.08 21.07
06.06 21.09
06.04 21.10
06.02 21.12
06.01 21.14
05.59 21.15
05.57 21.17
05.55 21.19
05.54 21.20
05.53 21.21
05.51 21.23
05.50 21.24
05.48 21.26
05.47 21.27
05.45 21.29
05.44 21.30
05.42 21.32
05.41 21.33
05.39 21.35
05.37 21.37
05.36 21.38
05.35 21.40
05.34 21.41
05.33 21.42
05.31 21.44
05.30 21.45
05.29 21.46
05.28 21.47
05.27 21.48
05.27 21.50
05.26 21.51
05.25 21.52
05.24 21.53
05.24 21.54
05.23 21.55
05.22 21.56
05.22 21.57
05.21 21.57
05.21 21.58
05.21 21.59
05.20 21.59
05.20 22.00
05.20 22.01
05.20 22.01
05.19 22.02
05.19 22.02
05.19 22.03
05.19 22.03
05.19 22.03
05.20 22.04
05.20 22.04
05.20 22.04
05.20 22.04
05.21 22.04
05.21 22.04
05.22 22.04
05.22 22.04
05.23 22.04
05.23 22.04
05.24 22.03
05.25 22.03
05.25 22.03
05.26 22.02
05.27 22.02
05.28 22.01
05.29 22.00
05.30 22.00
05.31 21.59
05.32 21.58
05.33 21.58
05.33 21.57
05.34 21.56
05.35 21.55
05.37 21.54
05.38 21.53
05.39 21.52
05.40 21.51
05.42 21.50
05.43 21.49
05.44 21.48
05.46 21.46
05.48 21.45
05.49 21.43
05.50 21.42
05.52 21.40
05.53 21.39
05.55 21.37
05.56 21.36
05.58 21.34
05.59 21.33
06.01 21.31
06.02 21.29
06.04 21.28
06.05 21.26
06.07 21.24
06.08 21.22
06.10 21.20
06.12 21.19
06.13 21.17
06.15 21.15
06.16 21.13
06.17 21.12
06.19 21.10
06.20 21.08
06.22 21.06
06.24 21.04
06.25 21.02
06.27 21.00
06.29 20.58
06.30 20.56
06.32 20.54
06.34 20.51
06.36 20.49
06.38 20.46
06.39 20.44
06.41 20.42
06.43 20.40
06.44 20.38
06.46 20.35
06.47 20.33
06.49 20.31
06.51 20.29
06.52 20.26
06.54 20.24
06.56 20.22
06.57 20.20
06.59 20.17
07.00 20.15
07.02 20.13
07.04 20.10
07.05 20.08
07.07 20.06
07.08 20.05
07.09 20.02
07.11 20.00
07.13 19.58
07.14 19.55
07.16 19.53
07.17 19.51
07.19 19.48
07.21 19.46
07.22 19.44
07.25 19.40
07.26 19.38
07.28 19.35
07.30 19.33
07.31 19.31
07.33 19.28
07.35 19.26
07.36 19.24
07.38 19.21
07.40 19.19
07.41 19.17
07.43 19.14
07.45 19.12
07.46 19.10
07.48 19.08
07.50 19.05
07.52 19.03
07.53 19.01
07.55 18.59
07.57 18.56
07.57 18.55
07.59 18.53
08.01 18.51
08.03 18.49
08.04 18.46
08.06 18.44
08.08 18.42
08.10 18.40
08.11 18.38
08.13 18.36
08.16 18.33
08.18 18.30
08.19 18.28
08.21 18.26
08.23 18.24
08.25 18.22
08.26 18.20
07.28 17.19
07.30 17.17
07.32 17.15
07.34 17.13
07.35 17.11
07.37 17.09
07.39 17.07
07.41 17.06
07.43 17.04
07.44 17.02
07.46 17.01
07.48 16.59
07.50 16.57
07.52 16.56
07.53 16.55
07.54 16.53
07.56 16.52
07.58 16.51
08.00 16.49
08.01 16.48
08.03 16.46
08.05 16.45
08.06 16.44
08.08 16.43
08.11 16.41
08.12 16.40
08.14 16.39
08.15 16.38
08.17 16.37
08.19 16.36
08.20 16.35
08.22 16.34
08.23 16.33
08.25 16.33
08.26 16.32
08.27 16.31
08.29 16.31
08.30 16.30
08.31 16.30
08.33 16.29
08.34 16.29
08.35 16.29
08.36 16.29
08.37 16.29
08.38 16.28
08.39 16.28
08.40 16.28
08.41 16.28
08.42 16.29
08.42 16.29
08.43 16.29
08.44 16.29
08.45 16.30
08.45 16.30
08.46 16.31
08.46 16.31
08.47 16.32
08.47 16.32
08.48 16.33
08.48 16.34
08.48 16.35
08.48 16.36
08.48 16.36
08.48 16.37
08.48 16.38